go	precision	recall	fmeasure
0.0	0.50	0.50	0.67
0.2	1.00	1.00	1.00
0.4	0.95	0.95	0.95
0.6000000000000001	0.92	0.90	0.90
0.8	0.92	0.90	0.90
1.0	0.92	0.90	0.90
6.0	0.92	0.90	0.90
11.0	0.92	0.90	0.90
16.0	0.88	0.85	0.85
21.0	0.86	0.80	0.79
26.0	0.83	0.75	0.73
go	precision	recall	fmeasure
0.0	0.50	0.50	0.67
0.02	1.00	1.00	1.00
0.04	1.00	1.00	1.00
0.06	1.00	1.00	1.00
0.08	1.00	1.00	1.00
0.1	1.00	1.00	1.00
0.12000000000000001	1.00	1.00	1.00
0.14	1.00	1.00	1.00
0.16	1.00	1.00	1.00
0.18	1.00	1.00	1.00
0.19999999999999998	1.00	1.00	1.00
0.21999999999999997	1.00	1.00	1.00
0.23999999999999996	1.00	1.00	1.00
0.25999999999999995	1.00	1.00	1.00
0.27999999999999997	0.95	0.95	0.95
0.3	0.95	0.95	0.95
0.32	0.95	0.95	0.95
0.34	0.95	0.95	0.95
0.36000000000000004	0.95	0.95	0.95
0.38000000000000006	0.95	0.95	0.95
